213092714
832948752
1610372209
35844665
1958810154
22692984
1065859724
1414677532
1786982246
1830290199
2028221254
282925053
1234174099
1296136255
1640145114
1910642913
1950408226
28107794
219897028
373379436
398001705
544813166
1028963254
1220846951
1272764520
1553546725
1634938462
1732777032
1803031359
15654021
37809357
174672998
193397533
200746746
220607208
279699165
342013579
350788527
518433371
615762549
1104241628
1171682231
1180400768
1227387482
1264085157
1310739600
1399986054
1556046738
2011660414
2113132272
3450676
8521187
9246543
11920832
15267741
15623342
17507618
17613906
37470768
47506349
54585350
55252854
176039530
176761645
180751979
184374940
189254814
199486589
211545366
268201191
295413933
344609892
526406084
815018743
1029312854
1398051831
1469430057
1499430756
1505361835
1536464914
1549374833
1558814251
1586483867
1641900257
1683575881
1782898271
1978605216
2034727598
4564966
8347683
8544890
10059746
12792524
15533581
17065009
17504359
18355536
21935747
23910625
28377691
30861798
33267001
35703642
38963178
43921054
43924765
44079214
47783611
54890657
215893543
222560285
229872573
248733701
285409822
290402818
305978923
321799585
325370683
328026482
389716205
416087004
441017609
450611336
480707934
597656464
725469342
800573039
841543812
1118365769
1152087945
1224284065
1258677635
1261067785
1451659054
1512407588
1522066153
1565931007
1579925638
1602954789
1796669791
1907729402
1919600409
1956937295
1977484511
2008119688
2059736056
2071460996
2110989256
920846
4808165
6194020
7701645
27740432
29105504
32072789
33573432
38165200
39687878
44744642
179139351
179274295
199535024
208241989
211181549
211368827
216233723
218023546
225814287
230304761
243775242
257540706
265212452
265215530
275859230
277890258
