1610372209
213092714
282925053
1414677532
832948752
311076869
1830290199
1958810154
43924765
305978923
452876598
725469342
1028963254
1556046738
2070019597
2118139474
3428428
1990214917
1832110
15623342
25434023
35924019
46426759
325370683
347689315
373379436
417253493
533215695
535093324
563797403
1458657656
1536464914
1782898271
1907240825
2059431151
2069089369
750563
1812257
13091423
17585610
143785866
144291722
180015748
180751979
219897028
222560285
268201191
279699165
350140054
387553589
513031482
815018743
1000887477
1159728477
1418448610
1441235330
1451659054
1508828454
1527531630
1565931007
1640145114
1717089347
1776294874
4808165
11920832
22215087
176039530
205746621
268244056
275850123
349654588
542291236
558453440
558773738
878169332
1005801748
1025921889
1043914131
1052656978
1295856735
1350555055
1399986054
1479683748
1499430756
1523751613
1543653635
1556322548
1634778085
1706768492
1821450305
1957763898
2048539264
2122427560
1840883
4459135
6679278
13310492
20036563
32089519
44079214
185353634
187811028
189254814
205575627
214853019
220607208
246216953
294464342
314276416
319211065
325784836
365655728
372235286
411872238
428436588
587090398
609205427
870000282
971686061
979882516
1128410628
1161385122
1356516649
1364733326
1365375272
