1246564302
814864711
832948752
998833056
22692984
322924220
1503614913
45991955
182178809
216625912
262157411
471567628
497055472
4222
274034
6631234
7872602
19842125
20835339
26518981
31355333
54585350
180068927
180751979
205369555
241060116
242578311
252542894
267876188
285409822
313338032
352515139
382118535
397410188
489297906
494897492
598688253
1059065669
1107370691
1291973650
1320304271
1400730279
1446514040
1462655182
345582
1570868
1630674
4024541
7471093
8831830
10025867
10101027
11403702
13271960
13554849
13585950
13890898
15449863
15844290
18847046
21959093
23830150
27344415
29119649
32909690
35307557
35759044
38037183
41701722
43151857
45894968
48795970
49158727
50355277
51029627
51146769
53530886
54194045
145137499
174672998
184198252
185044649
189254814
191310361
218684524
226031552
229507945
233112935
244020788
246179691
247697755
249353551
262239678
264322427
267391453
276032330
310337252
312997271
315112331
317927185
320244071
321205228
345002194
353309685
354511413
372814734
405707850
442274483
446129411
455655967
474862530
493263592
496331523
526770139
535819188
546124718
561464483
570303071
576056900
635198776
734526690
796910063
800801835
855457069
969536706
1043914131
1074773395
1104241628
1112723627
1140725716
1170759606
1254988860
1276492662
1287818177
1301427102
1308359333
1329888822
1385786092
1399371537
1413036386
1414077307
1447487260
1469610022
1486256056
1508824102
1520879582
1521658954
1528530967
1530416289
1531294707
1534137411
1535360383
1541936084
1543653635
1548462443
211156
280674
359134
545853
861928
889004
1038475
1096665
1206617
1254340
1809384
2531705
2733136
2801513
3114790
3450676
3625118
4387408
4834341
4928907
5219933
