9580550
446129411
12593961
22338082
179381236
213092714
1104241628
8235821
8757322
9450827
10678850
12373699
32978875
42301937
43764970
180751979
216279635
217065360
224748520
225814287
233630811
289148442
339632454
347841227
446729472
471567628
566035545
590628464
611577507
832948752
1301427102
1506496128
1531872344
1672390173
1835470567
2104342853
4182
155057
1570868
3042314
3165759
13187858
17058814
17341251
21951936
24901238
28716555
30861798
41749299
45809789
45991955
47783611
47898087
144245308
174913967
178139146
193030081
226031552
248733701
269333565
273260628
313338032
345037770
452876598
497055472
503145597
508165902
533590856
564296531
591410324
594195643
693155703
723914955
830432793
848549954
972981723
1088905846
1176367429
1234174099
1254673576
1309552016
1536983537
1556046738
1571539182
1600361728
1747390661
1814005824
2003335524
2021097430
2027040118
2029951289
2043839964
138404
292233
345582
542441
1194120
1746432
2158652
2406053
2703539
3055565
3071430
3091911
3139851
3554341
3625118
4838919
5219933
5782913
6096444
6204674
6725667
6785755
6819992
7872602
8425932
9942492
10249802
11835704
11956269
12233181
12870031
13271960
14293440
14912967
16272280
16372498
16416359
18166825
18222511
19421449
19700101
19842125
20099175
20418644
21507955
24858080
25434023
26123299
26531195
26855730
26981941
27249425
28377691
28824841
29108651
29119649
30880045
35545846
36236996
37936659
39660966
40550423
40636797
41332319
41701722
43256379
45994025
46890644
47145799
48586692
49972400
52874014
54040112
55266120
145137499
175830298
176173730
177980028
180134263
185556911
186807009
190841994
191702928
196515072
197640520
199998392
200079188
200781975
200917650
201749486
203380034
204490874
209155390
209828142
210139242
215617535
218376287
218986979
224929036
226058809
228317963
228565784
231251134
236611339
237896748
238635008
242157793
244146430
