179052579
12500953
45991955
54890657
4179968
13729857
34685333
180751979
255704211
272739689
289420246
295810453
307689339
461041786
488073698
502683398
547379593
829100269
7746184
11269488
11439531
11968138
12233181
13867295
17613906
18360029
24418095
24602491
26727724
27054999
27404497
30839169
31166269
31476643
33275291
35978976
37229264
39288261
44762723
54585350
145645548
177721477
177784726
181794949
182844114
211604923
221109968
230321387
232302271
240330278
257127054
267201312
272416930
272451104
291554356
292707337
298183579
302896654
312521496
403716463
462146234
503227937
505461607
549733749
574735149
581847818
608511840
944501605
78741
218642
244315
271919
274034
676673
1032479
1812257
1867737
2223639
2368942
3583201
4870280
6094433
6229061
6662115
6811681
7492771
8425932
8800442
9237889
10087032
10202448
11227910
11232685
12143799
13613634
14332772
15844290
22567986
26219552
27341753
