258863310
5312083
29397367
41701722
45894968
246784078
262157411
312177889
322924220
497055472
890772290
1203389032
545853
1570868
4052059
7761091
7872602
11335533
15449863
16432779
22832971
26123299
28288717
29690735
30557295
31476643
36912937
39758897
47716615
144846716
180751979
181794949
216279635
239979471
242151420
250219422
252542894
255046431
261472915
262239678
275539326
282343357
291554356
293410886
320244071
321205228
321470627
358107947
397410188
446129411
457544748
461714037
463697933
471567628
472487471
494897492
495460778
508165902
515439929
605152853
725458738
791411519
903480502
938197059
1094188612
1102142560
1170759606
1227302791
1254448250
1319769634
1329162748
1438399739
1443445089
1449127565
1471989581
218642
395633
545396
771101
965173
1226310
1733671
1737218
2332531
2531705
2733136
3114790
3213207
3625118
4024541
4617355
4679547
4834341
5079874
6260787
6595732
7348645
7517283
8167416
9337803
9971161
10678850
11872481
12500953
13086144
13271960
17085103
17613906
23092621
24109541
24270848
25294642
27254446
28569821
31355333
33248042
33573432
34312573
36348033
37229264
41041263
42676838
46322903
54890657
55078306
55297309
104884607
174210179
175830298
176652825
177925276
179998629
186461283
194243178
196939056
200011351
204824898
209228998
210139242
210865737
212560001
215617535
216625912
225451002
226031552
227328181
227537194
233037375
233112935
234998251
244243564
247497506
249446679
250087128
251500086
263172261
269333565
269627284
279935603
282993136
289148442
290402818
294430693
302544095
309080768
315574074
317834974
325559060
345002194
362452596
363742374
401291233
430805928
440648679
451597324
