510509891
35978976
915229164
923856859
1001709318
1043914131
21250773
30657267
181449408
181794949
302896654
462146234
483580634
155057
4179968
12233181
19525087
22692984
27056476
29425502
31717454
34605915
233973477
236795021
255704211
262157411
278815657
280031353
332481631
332617426
354381251
502683398
521150799
559925519
574946024
599522110
609205427
642898503
829100269
963840273
971686061
1103000472
1127906089
299357
392617
771101
1838334
1921831
3262938
5720699
6229061
8425932
11430593
12143799
12500953
13385170
16301138
17385910
17815156
18601358
18892624
21878111
22181630
25240372
26964568
27054999
30735524
31476643
36182865
39660966
39758897
45991955
52281624
54585350
173666740
180015748
181205344
188731275
191862812
194520007
197127427
202505894
209228998
213480855
216528135
221109968
222255147
222560285
231232518
241152782
242853550
246216953
272063100
272451104
290402818
291554356
294228831
296138989
299401362
339761091
351645270
374656041
375242603
375952040
389919383
394690126
403716463
428436588
462618616
476436940
482299180
483711511
497055472
516040389
518147127
550597548
622876137
688517805
763026555
773214602
1088065404
1099573025
1112723627
1142562442
204789
1206617
1254340
1630467
4206451
5368563
7080748
9865267
10677224
11269488
12179950
12800825
19842125
20504522
21951588
22044798
25566995
26727724
30733162
32362126
33123834
34801550
37245481
44069223
44611156
46322903
50962721
52635835
52730012
54065344
54839869
54890657
176502215
187719656
189448336
190187443
194101994
200208888
205038691
210855312
214958680
219923393
236849081
238528442
247697755
255856309
258881210
265035826
266075962
282925053
287435792
289420246
310192795
321813473
352589650
358512503
359818752
372516247
378790094
428179316
434508635
452881772
465645349
508149916
510622982
581847818
594183831
595202429
614338026
629958306
640542612
645194651
853166842
858366355
1004251458
1084807235
