832948752
258863310
262511788
322924220
1812257
5237550
6631234
7872602
17593621
35844665
180751979
186186931
237513512
333606214
345002194
397410188
446129411
461714037
471567628
497055472
911630030
1400730279
1426742355
352855
1570868
1929240
4024541
5312083
5875569
6542864
7080748
7821989
7882143
8800442
9446592
9971161
11238256
13187858
13271960
13927014
15449863
15731554
20822152
22075965
22692984
30790152
31166269
31355333
33573432
43151857
45894968
176710423
184054640
194733206
203385909
216942556
226031552
226298591
245947161
246216953
247697755
253454929
260976503
262239678
284837958
290402818
295138449
305190813
309080768
319449349
320244071
363742374
367135314
430805928
442274483
472487471
526770139
545726869
841037567
855457069
878169332
903480502
1247985548
1380209750
1394386897
1469610022
199558
477000
1096665
1259113
1501241
2086802
3560223
4524354
5898708
6122586
6326315
6457484
7718211
7737770
