832948752
1234174099
286175835
30250446
35667602
42301937
213092714
224482192
267391453
279713081
306371930
489297906
494897492
532700673
734526690
979882516
1291973650
1301427102
1371049420
1420172731
1469204484
1491994800
1512407588
1541127349
1610372209
1622463707
1833644371
2064185389
2929532
6442805
6495079
6715372
6923567
7643453
23679541
26273346
26981941
27249425
30554845
32978875
33201296
34526492
43764970
143785866
180015748
180068927
191722083
192741541
197846348
202055056
210139242
215757370
228144079
229693651
235021609
241060116
246216953
251057991
253914102
258863310
278115742
285409822
289148442
296832071
299409659
369861199
379628743
415675177
450611336
471567628
497055472
505438058
566035545
696688218
797039917
