832948752
1668454880
10101027
1399666332
16419467
244020788
282925053
386451847
807328434
1613314356
1630674
22692984
28288717
174258017
189254814
222560285
375242603
570322130
1005801748
1287818177
1418448610
1499430756
1503614913
1547734249
1556322548
1601386230
1644252499
1678656694
4808165
11957784
15623342
19842125
23809507
38429061
39033511
42211093
48285749
143624250
173666740
174672998
180751979
216271603
222107925
261160477
270884492
291554356
376058175
384942760
452876598
466994551
497055472
524113100
597656464
698577871
706242455
858366355
1043914131
1170759606
1171682231
1180400768
1272764520
1287112062
1399371537
1399986054
1490512645
1506434396
1512150285
1521780637
750563
2141778
3450676
4564966
5361420
5615802
8231874
12792524
17504359
17908102
29108651
31166269
49588669
50355277
54890657
178382299
185587504
219812861
232112750
253605289
256139042
258486721
290402818
299992903
305049967
307188042
338646668
349219778
356936088
358178031
362452596
397410188
412208779
463794107
468747915
473562043
566527747
611577507
642898503
706741480
756038237
990149903
1230866588
1291973650
1446242279
1452176295
1453033298
1461178505
1499994807
1521877168
1565931007
1602954789
1607233897
1617182013
504604
793990
1254340
2140743
5973492
23437363
26602112
30708586
31116367
33573432
34776093
46260831
54887616
55843674
143925198
185725600
186225820
189171828
194878770
205091317
208261603
217528884
224929036
231113523
233098708
236849081
237405475
237854372
238224257
240497011
244800154
249010799
258912011
267733791
275667090
277109782
277804358
279935603
294488501
316326861
327709937
329666656
333606214
339684353
343358385
374700189
381577989
382035587
398568886
402196742
451333966
465645349
471567628
477567029
484783554
490844198
521198296
532700673
558617622
649958748
813352157
914436688
1099573025
1115492359
1139858994
1159728477
1160928893
1253980868
1261067785
1301427102
1330698226
1341133981
1366034947
1370543208
1418888531
1420317297
1456972556
1482468031
