832948752
8106469
497055472
262157411
471567628
635198776
11957784
31062489
33573432
50244675
177980028
246784078
262511788
353309685
461714037
734526690
811383164
1170759606
1503614913
1520879582
1528530967
1534137411
1370101
1832110
2531705
2747309
5312083
6305766
6631234
7471093
7872602
13271960
13483265
13927014
15449863
16282430
16432779
17266273
19842125
23830150
29483500
35537674
35759044
36221850
41701722
45894968
53530886
143579603
144846716
180751979
186186931
187574871
187719656
191310361
205146347
205369555
206155739
206585927
209228998
221109968
223424688
233112935
243769366
255704211
258863310
262239678
267391453
279301793
279937544
286169954
291554356
295138449
309080768
312745398
317069470
319222658
322924220
337207540
361300473
363972987
382035587
430805928
446129411
454154918
472487471
494897492
526770139
537210076
570881076
612638470
787987985
791411519
844918617
913511436
929302453
969536706
990149903
998833056
1061805885
1074773395
1110068209
1203389032
1206816755
1216907630
1299357562
1301427102
1363007569
1400730279
1410866250
1413036386
1439759559
1471346099
1476144104
1522456664
1555606461
71427
359134
674489
1096665
1157562
1159831
1781020
1929240
2815742
3327477
3560223
3583201
3994801
4121747
4557848
5141802
5983498
6411868
6457484
6469754
6594197
6760841
6870592
6974241
7246188
8185095
8800442
9777665
10101027
10475496
11025075
11126508
11500227
13097541
13890898
14270981
15635277
16438781
16952306
17562745
18127982
18288752
19245430
19409776
20137793
20628195
20629984
21214382
22075965
23293527
23529220
24238305
26035961
26832062
27443659
30220427
31476643
31584035
33201296
33871106
36827060
36950614
38429061
38624115
40294949
40987217
41914857
42463795
42668999
43488720
44523206
46260321
48829699
49613737
51029627
51502319
54281343
54585350
144276578
175269319
176389770
179052579
181794949
184054640
187076708
