1093662
4841119
8460977
11055023
24764025
30616561
32582972
32978875
33091414
144650935
182844114
233871128
235108233
353309685
446129411
494965607
497055472
570025368
632914199
1019719946
1127451954
1469430057
1499009004
1652689961
1753413659
1821450305
1837794419
8819
218642
271919
292233
343146
345582
352855
432617
440238
459387
493524
648433
816131
832985
1074275
1293848
1326770
1680321
1732132
1733671
1812859
1892909
1973548
1976603
2021314
2046295
2158780
2258176
2283513
2733251
2846075
2948856
2966770
2990235
2993816
2997477
3164159
3192004
3560223
3808941
4041392
4085701
4120374
4213889
4251993
4289908
4302185
