832948752
1363007569
38429061
189254814
216279635
251301862
19842125
180015748
182844114
194103961
231507890
262511788
299401362
998833056
1418448610
1508828454
4564966
8347683
10101027
17015232
30557295
44079214
45991955
186186931
279301793
279935603
282925053
820995372
1399986054
1499430756
1521780637
3278337
6679278
14305274
15844290
22692984
25807853
52526672
54585350
143579603
143624250
179052579
180751979
184374940
208261603
208791745
216625912
221352437
233112935
235889963
240174934
249010799
255704211
258567193
262157411
265113743
272451104
290402818
303718894
312745398
317069470
326777012
386451847
397410188
463794107
495640818
497055472
522755993
524113100
609081791
929302453
986620120
1005801748
1172914899
1200423799
1272764520
1295856735
1319769634
1384076372
1399371537
1447216909
1452176295
1503614913
1505852011
1506434396
1521762657
1534137411
1547877469
1206617
1570868
1630674
2582298
3252805
5719506
8150280
11025075
14554844
15102126
16419467
16952306
17894726
19409776
24529952
28219681
30402392
31838423
39165418
39288261
39568638
39758897
42211093
43488720
181794949
190023721
206285901
206479790
234984123
235085553
237513512
241891415
246216953
246896050
254374326
255135274
261160477
302896654
319152584
338643996
344940193
352515139
361199387
383782387
394690126
419859204
446129411
460880102
488336440
503227937
521624179
547379593
635198776
674220372
752859396
808763737
844478054
945621901
989317263
1066311088
1115567858
1202847558
1220846951
1337017962
1348124491
1400730279
1417776938
1436191469
1439648754
1445764053
1479683748
1494409261
1501008533
1517166766
1531413863
1532909928
1541014210
1552309679
1559013346
1566303235
274034
876852
1367024
1973548
2395221
3214582
4524354
