1414677532
832948752
213092714
143785866
282925053
289148442
471567628
543292063
1686749762
6785755
30735780
278115742
332406852
397410188
433323598
494897492
497055472
532700673
570881076
1436743213
1469204484
1517663866
1572275748
1652418070
812194
1832110
2005465
3450676
11684522
11835704
12233181
12795828
13963789
14293440
21507955
26981941
27336962
34526492
36442339
37735884
42405166
43393113
190089845
215325254
225814287
233937585
238101429
253914102
258863310
285409822
295138449
305049967
312781428
338646668
358178031
367261656
374146462
462740783
465645349
469632342
490844198
494965607
570025368
594183831
611577507
829100269
840539757
1203389032
1287818177
1309552016
1330698226
1413036386
1453033298
1464695424
1487972506
