182844114
189254814
832948752
190373606
299401362
1102377589
1363007569
1400730279
19842125
173666740
216279635
302896654
386451847
597656464
1187941218
1399371537
1399986054
10101027
17015232
17908102
22692984
28288717
46848949
180015748
180751979
184374940
209936653
231507890
279935603
294813867
397410188
497055472
642898503
820995372
1043914131
1077971912
1442708428
1479683748
4392359
6424261
10677224
16419467
16934867
25706682
33573432
37207168
44079214
56125724
179998629
181794949
186186931
187719656
191312390
194520007
206479790
209599092
233112935
237513512
258567193
260885185
262511788
267876188
282925053
301358480
313338032
313723573
329595061
333606214
349219778
352515139
362452596
371231695
428436588
463794107
495640818
502683398
533390386
543292063
734526690
752859396
1061436554
1070874673
1159728477
1170759606
1309532374
1319769634
1376408870
1394386897
1418448610
1430033993
1452176295
1483554307
264492
688988
1570868
2332531
3278337
4723338
4977281
10352775
10678850
11240946
17504359
17613906
19525087
20695858
21021491
41701722
145762796
174387383
183192310
185725600
189171828
196515072
201261851
202040729
205091317
208261603
209228998
212871775
216121453
217692326
218152645
246408311
249010799
