22692984
185261644
437346805
21858039
35307557
242338761
428436588
15449863
20445904
35978976
216202440
241925728
246216953
258345140
416287781
420907635
503227937
3167687
6017684
8808175
18018380
28639467
30873729
32311698
33118114
34286292
37953468
176551785
177925276
180015748
180751979
181794949
199414661
216475786
217792368
222560285
224119658
231978818
233973477
235641916
254111722
255135274
262157411
279738559
291554356
320168746
350847597
354241783
385699030
464098883
482250981
492207266
502683398
552454507
545396
1367029
4206451
4387408
4607836
9004845
10511688
12233181
14994495
17891018
20431833
22747446
37245481
37303913
47768805
54194045
55297309
187719656
214958680
215608813
225451002
233112935
242095901
255551689
256759269
262184843
272858107
282204185
286452796
311077825
338824405
354635428
365284968
374700189
382858610
397343569
475335369
484932885
485357817
490844198
490898376
516040389
549733749
564657203
155057
204789
286013
447132
939605
1832110
2161039
6099148
6444784
6844146
6853564
7005340
9375939
12800825
13407715
14243221
15237468
15805388
18353458
18890923
19239573
20327457
20513514
22418386
24045441
25756521
31127781
31400485
33275291
34286211
42496612
46890644
52635835
144846716
177721477
179067584
194733206
201980227
208261603
208891877
214979617
221177967
221328036
225303546
227537194
236849081
243892021
247533739
257572388
258881210
278115742
290522802
313338032
330528107
330869380
332707466
336777615
338820953
355558740
417102889
430805928
460289028
471174564
514075154
560799301
578927046
163781
232163
280674
288309
697054
795851
1103147
1120429
1177895
1236308
1456009
