213092714
282925053
9580550
1556046738
1610372209
2801513
832948752
1104241628
54585350
217065360
347841227
398001705
1310739600
1469430057
1488204991
1630674
176597649
183713544
244678314
291554356
807328434
1193828642
1258677635
271919
28377691
31062489
31166269
33979460
222464799
233112935
271723009
279699165
312997271
375242603
460724911
471567628
526419291
841543812
977663606
1326994660
1613184284
1675141780
1694666143
115100
3370688
5008461
9395490
15267741
18355536
25756521
26602112
27541372
29108651
38644830
47783611
55252854
179393746
181056369
189171828
196641392
228686850
248579804
255551689
261676227
263172261
269333565
269627284
275859230
278115742
290402818
305812221
306119215
309476826
310317649
349219778
358178031
361452814
439898956
484181077
494965607
497055472
510285924
518433371
538266714
575327077
597656464
698577871
712993711
777572494
847544495
1002162567
1083329697
1092804203
1308359333
1309797897
1429867798
1451659054
1469966441
1506496128
1552181133
1618300728
1659002888
1767135488
1810972874
1952175541
2061402316
2131127929
2136993120
235145
264492
612190
872554
952170
1146120
2141778
3042314
3450676
4206451
5079874
6306375
7548593
8521187
9337803
11347490
15175060
17504359
21951936
22692984
23169108
24606956
24858080
28667537
29105504
31011312
32715821
33267001
33323376
34424479
34801550
38165200
46426759
145916306
176761645
177070509
192733100
199486589
199604919
208372962
218122292
222560285
226596672
236849081
255266144
257174810
257540706
270884492
273380623
274795082
278264300
282368286
287374030
288101601
288500434
289148442
295535017
295706451
297568207
313338032
317069470
332782893
333984282
363878239
386616301
397237853
397410188
420382562
453320387
495460778
513429288
532700673
582399856
611577507
615762549
620764880
645015264
706400782
1030408713
1115492359
1170759606
1208835166
1272033118
1272764520
1283352076
1291362555
1301427102
1319769634
1421151960
1444636546
1445461863
1457563210
