1535360383
285409822
1528530967
1170759606
1521658954
226031552
7872602
13271960
1570868
48795970
15449863
526770139
258863310
321205228
31355333
1548462443
23830150
494897492
1400730279
242578311
51502319
1534137411
2733136
471567628
7471093
546124718
345002194
4024541
26518981
372814734
267876188
772372940
1164470681
1413036386
18847046
32909690
472487471
1247082279
1368749779
216625912
1285538917
51146769
469475954
315112331
205369555
309080768
249353551
1581352527
489297906
446129411
53530886
1524160860
310130372
180068927
1503125068
45894968
1541270361
317927185
43770307
1247547311
13890898
938197059
1237924342
176389770
455655967
1606191126
1469610022
1555606461
446729472
459967544
1929240
1531294707
245947161
29483500
20629984
8502371
791411519
811383164
1414077307
1486256056
1491095440
27344415
13585950
321470627
1546303489
6631234
1506024068
267391453
734526690
855457069
561464483
12735251
369861199
234931371
31476643
1500571960
581602919
245847801
1435136351
478886528
