1921183
3979975
1069472
678148
729374
6868123
4925151
4524354
7835789
352855
529829
5311891
7301975
2056165
3625118
732754
1096665
1250291
2845456
4139474
1159993
2360663
7329007
96273
2447599
3111116
3994801
1733110
1937339
6911186
8510915
5230361
5043614
4807502
2308262
9291175
5912317
440238
199558
5980076
706060
2643664
5511405
3266225
208907
4117282
7181897
2822522
4677800
519330
